230,214,208
231,215,203
232,216,203
234,218,205
234,218,205
230,214,208
231,215,203
232,216,203
234,218,205
234,218,205
230,214,208
231,215,203
232,216,203
234,218,205
234,218,205
230,214,208
231,215,203
232,216,203
234,218,205
234,218,205
230,214,208
231,215,203
232,216,203
234,218,205
234,218,205
230,214,208
231,215,203
232,216,203
234,218,205
234,218,205
230,214,208
231,215,203
232,216,203
234,218,205
234,218,205
230,214,208
231,215,203
232,216,203
234,218,205
234,218,205
230,214,208
231,215,203
232,216,203
234,218,205
234,218,205
230,214,208
232,216,204
232,216,203
234,218,205
234,218,205
230,214,208
233,217,205
232,216,203
234,218,205
235,219,206
230,214,208
233,217,205
232,216,203
234,218,205
235,219,206
230,214,208
233,217,205
232,216,203
234,218,205
235,219,206
230,214,208
233,217,205
232,216,203
234,218,205
235,219,206
230,214,208
233,217,205
232,216,203
235,219,206
235,219,206
