201,171,142
205,172,146
206,176,149
209,179,152
209,179,152
201,171,142
205,172,146
206,176,149
209,179,152
209,179,152
201,171,142
205,172,146
206,176,149
209,179,152
209,179,152
201,171,142
205,172,146
206,176,149
209,179,152
209,179,152
201,171,142
205,172,146
206,176,149
209,179,152
209,179,152
201,171,142
205,172,146
206,176,149
209,179,152
209,179,152
201,171,142
205,172,146
206,176,149
209,179,152
209,179,152
201,171,142
205,172,146
206,176,149
209,179,152
209,179,152
201,171,142
205,172,146
206,176,149
209,179,152
209,179,152
201,171,142
205,172,146
206,176,149
209,179,152
209,179,152
201,171,142
205,172,146
206,176,149
209,179,152
209,179,152
201,171,142
205,172,146
206,176,149
209,179,152
209,179,152
201,171,142
205,172,146
206,176,149
209,179,152
209,179,152
201,171,142
205,172,146
206,176,149
209,179,152
209,179,152
201,171,142
205,172,146
205,175,148
209,179,152
209,179,152
