229,225,224
233,225,225
237,228,225
234,229,226
240,231,227
229,225,224
233,225,225
237,228,225
234,229,226
240,231,227
229,225,224
233,225,225
237,228,225
234,229,226
240,231,227
229,225,224
233,225,225
237,228,225
234,229,226
240,231,227
229,225,224
233,225,225
237,228,225
234,229,226
240,231,227
229,225,224
233,225,225
237,228,225
234,229,226
240,231,227
229,225,224
233,225,225
237,228,225
234,229,226
240,231,227
229,225,224
233,225,225
237,228,225
234,229,226
240,231,227
229,225,224
233,225,225
237,228,225
234,229,226
240,231,227
229,225,224
233,225,225
237,228,225
234,229,226
240,231,227
229,225,224
233,225,225
237,228,225
234,229,226
240,231,227
229,225,224
233,225,225
237,228,225
234,229,226
240,231,227
229,225,224
233,225,225
237,228,225
234,229,226
240,231,227
229,225,224
233,225,225
237,228,225
234,229,226
240,231,227
229,225,224
233,225,225
237,228,225
234,229,226
240,231,227
