209,226,235
207,219,229
205,217,223
198,210,216
193,202,206
209,226,235
207,219,229
205,217,223
198,210,216
193,202,206
209,226,235
207,219,229
205,217,223
198,210,216
193,202,206
209,226,235
207,219,229
205,217,223
198,210,216
193,202,206
209,226,235
207,219,229
205,217,223
199,211,217
193,202,206
209,226,235
207,219,229
205,217,223
199,211,217
193,202,206
209,226,235
207,219,229
205,217,223
199,211,217
193,202,206
209,226,235
207,219,229
205,217,223
199,211,217
193,202,206
209,226,235
207,219,229
205,217,223
199,211,217
193,202,206
209,226,235
207,219,229
205,217,223
199,211,217
194,203,207
209,226,235
208,220,230
206,218,224
199,211,217
195,204,208
209,226,235
208,220,230
206,218,224
199,211,217
196,205,209
209,226,235
208,220,230
206,218,224
199,211,217
196,205,209
210,227,236
208,220,230
206,218,224
200,212,218
196,205,209
210,227,236
208,220,230
206,218,224
200,212,218
195,204,208
