160,99,67
160,99,67
160,99,67
161,100,68
159,101,66
160,99,67
160,99,67
160,99,67
161,100,68
159,101,66
160,99,67
160,99,67
160,99,67
161,100,68
159,101,66
160,99,67
160,99,67
160,99,67
161,100,68
159,101,66
160,99,67
160,99,67
160,99,67
161,100,68
159,101,66
160,99,67
160,99,67
160,99,67
161,100,68
159,101,66
161,100,68
160,99,67
160,99,67
161,100,68
159,101,66
161,100,68
160,99,67
160,99,67
161,100,68
159,101,66
161,100,68
160,99,67
160,99,67
161,100,68
159,101,66
161,100,68
160,99,67
160,99,67
161,100,68
159,101,66
161,100,68
161,100,68
161,100,68
162,101,69
160,102,67
161,100,68
161,100,68
161,100,68
162,101,69
160,102,67
161,100,68
161,100,68
161,100,68
162,101,69
160,102,67
161,100,68
161,100,68
161,100,68
162,101,69
160,102,67
161,100,68
161,100,68
161,100,68
162,101,69
160,102,67
