232,215,212
230,214,208
227,215,209
227,215,209
232,215,212
230,214,208
227,215,209
227,215,209
232,215,212
230,214,208
227,215,209
227,215,209
232,215,212
230,214,208
227,215,209
227,215,209
232,215,212
230,214,208
227,215,209
227,215,209
232,215,212
230,214,208
227,215,209
227,215,209
232,215,212
230,214,208
227,215,209
227,215,209
232,215,212
230,214,208
227,215,209
227,215,209
232,215,212
230,214,208
227,215,209
227,215,209
232,215,212
230,214,208
227,215,209
227,215,209
232,215,212
230,214,208
227,215,209
227,215,209
232,215,212
230,214,208
227,215,209
227,215,209
232,215,212
230,214,208
227,215,209
227,215,209
232,215,212
230,214,208
227,215,209
227,215,209
232,215,212
230,214,208
227,215,209
227,215,209
