240,206,170
233,186,142
232,183,137
234,185,141
240,206,170
232,185,141
232,183,137
233,184,140
239,205,169
232,185,141
231,185,138
234,185,141
239,205,169
232,185,141
231,185,138
236,187,143
238,204,168
232,185,141
230,185,141
236,187,143
236,202,166
232,185,141
228,186,141
236,187,143
235,201,165
232,185,141
228,186,141
236,187,143
235,201,165
233,186,142
228,186,141
237,188,144
232,198,162
230,185,141
230,185,141
234,187,143
232,198,162
230,185,141
229,184,140
234,187,143
233,199,163
230,185,141
229,184,140
234,187,143
233,199,163
230,185,141
229,184,140
234,187,143
233,199,163
229,187,142
228,186,139
235,188,144
234,200,164
229,187,142
229,187,140
236,189,145
235,201,165
229,187,142
228,188,140
236,189,145
