185,190,188
186,193,190
186,193,190
188,195,192
185,190,188
186,193,190
186,193,190
188,195,192
185,190,188
186,193,190
186,193,190
187,194,191
185,190,188
186,193,190
186,193,190
187,194,191
185,190,188
186,193,190
186,193,190
187,194,191
185,190,188
186,193,190
186,193,190
187,194,191
185,190,188
186,193,190
186,193,190
187,194,191
185,190,188
186,193,190
186,193,190
187,194,191
185,190,188
186,193,190
186,193,190
187,194,191
185,190,188
186,193,190
186,193,190
187,194,191
185,190,188
186,193,190
186,193,190
187,194,191
185,190,188
186,193,190
186,193,190
187,194,191
185,190,188
186,193,190
186,193,190
187,194,191
185,190,188
186,193,190
186,193,190
187,194,191
185,190,188
186,193,190
186,193,190
187,194,191
