203,206,204
202,205,203
202,203,199
202,203,199
200,201,197
203,206,204
202,205,203
202,203,199
202,203,199
200,201,197
203,206,204
202,205,203
202,203,199
202,203,199
200,201,197
203,206,204
202,205,203
202,203,199
202,203,199
200,201,197
203,206,204
202,205,203
202,203,199
202,203,199
200,201,197
203,206,204
202,205,203
202,203,199
202,203,199
200,201,197
203,206,204
202,205,203
202,203,199
202,203,199
200,201,197
203,206,204
202,205,203
202,203,199
202,203,199
200,201,197
203,206,204
202,205,203
202,203,199
202,203,199
200,201,197
203,206,204
202,205,203
202,203,199
202,203,199
200,201,197
203,206,204
202,205,203
202,203,199
202,203,199
200,201,197
203,206,204
202,205,203
202,203,199
202,203,199
200,201,197
203,206,204
202,205,203
202,203,199
202,203,199
200,201,197
203,206,204
202,205,203
202,203,199
202,203,199
200,201,197
203,206,204
202,205,203
202,203,199
202,203,199
200,201,197
