193,189,184
194,188,181
194,188,181
194,188,181
193,189,184
194,188,181
194,188,181
194,188,181
193,189,184
194,188,181
194,188,181
194,188,181
193,189,184
194,188,181
194,188,181
194,188,181
193,189,184
194,188,181
194,188,181
194,188,181
193,189,184
194,188,181
194,188,181
194,188,181
193,189,184
194,188,181
194,188,181
194,188,181
193,189,184
194,188,181
194,188,181
194,188,181
193,189,184
194,188,181
194,188,181
194,188,181
193,189,184
194,188,181
194,188,181
194,188,181
193,189,184
194,188,181
194,188,181
194,188,181
193,189,184
194,188,181
194,188,181
194,188,181
193,189,184
194,188,181
194,188,181
194,188,181
193,189,184
194,188,181
194,188,181
194,188,181
193,189,184
194,188,181
194,188,181
194,188,181
