240,224,217
244,226,219
245,228,219
242,227,218
243,228,219
240,224,217
244,226,219
245,228,219
242,227,218
243,228,219
240,224,217
244,226,219
245,228,219
242,227,218
243,228,219
240,224,217
244,226,219
245,228,219
242,227,218
243,228,219
240,224,217
244,226,219
245,228,219
242,227,218
243,228,219
240,224,217
244,226,219
245,228,219
242,227,218
243,228,219
239,223,217
244,226,219
245,228,219
242,227,218
243,228,219
238,222,216
244,226,219
245,228,219
242,227,218
243,228,219
238,222,216
244,226,219
245,227,220
242,227,218
243,228,219
238,222,216
244,226,219
245,227,220
242,227,218
243,228,219
238,222,216
244,226,219
244,226,219
241,226,217
242,227,218
238,222,216
244,226,219
244,226,219
241,226,217
242,227,218
238,222,216
244,226,219
244,226,219
241,226,217
242,227,218
238,222,216
244,226,219
244,226,219
241,226,217
242,227,218
238,222,216
244,226,219
244,226,219
241,226,217
242,227,218
