183,191,184
187,195,185
186,194,183
186,194,183
184,195,187
183,191,184
187,195,185
186,194,183
186,194,183
184,195,187
183,191,184
187,195,185
186,194,183
186,194,183
184,195,187
183,191,184
187,195,185
186,194,183
186,194,183
184,195,187
183,191,184
187,195,185
186,194,183
186,194,183
184,195,187
183,191,184
187,195,185
186,194,183
186,194,183
184,195,187
183,191,184
187,195,185
186,194,183
186,194,183
184,195,187
183,191,184
187,195,185
186,194,183
186,194,183
184,195,187
183,191,184
187,195,185
186,194,183
186,194,183
184,195,187
183,191,184
187,195,185
186,194,183
186,194,183
184,195,187
183,191,184
187,195,185
186,194,183
186,194,183
184,195,187
183,191,184
187,195,185
186,194,183
186,194,183
184,195,187
183,191,184
187,195,185
186,194,183
186,194,183
184,195,187
183,191,184
187,195,185
186,194,183
186,194,183
184,195,187
183,191,184
187,195,185
186,194,183
186,194,183
184,195,187
