204,199,196
204,201,197
207,202,199
207,202,199
207,202,199
204,199,196
204,201,197
207,202,199
207,202,199
207,202,199
204,199,196
204,201,197
207,202,199
207,202,199
207,202,199
204,199,196
204,201,197
207,202,199
207,202,199
207,202,199
204,199,196
204,201,197
207,202,199
207,202,199
207,202,199
204,199,196
204,201,197
207,202,199
207,202,199
207,202,199
204,199,196
204,201,197
207,202,199
207,202,199
207,202,199
204,199,196
204,201,197
207,202,199
207,202,199
207,202,199
205,200,197
204,201,197
207,202,199
207,202,199
207,202,199
205,200,197
204,201,197
207,202,199
207,202,199
207,202,199
205,200,197
204,201,197
207,202,199
207,202,199
207,202,199
205,200,197
204,201,197
207,202,199
207,202,199
207,202,199
205,200,197
204,201,197
207,202,199
207,202,199
207,202,199
205,200,197
204,201,197
207,202,199
207,202,199
207,202,199
205,200,197
204,201,197
207,202,199
207,202,199
207,202,199
