212,162,134
213,160,133
211,158,131
207,159,131
209,158,126
212,162,134
213,160,133
212,159,132
207,159,131
209,158,126
212,162,134
213,160,133
209,156,129
207,159,131
209,158,126
212,162,134
213,160,133
213,160,133
207,159,131
209,158,126
212,162,134
213,160,133
211,158,131
207,159,131
209,158,126
212,162,134
213,160,133
215,162,135
207,159,131
209,158,126
213,163,135
213,160,133
212,159,132
207,159,131
209,158,126
213,163,135
213,160,133
213,160,133
207,159,131
209,158,126
213,163,135
213,160,133
213,160,133
209,159,131
209,157,127
213,163,135
213,160,133
213,160,133
209,159,131
209,157,127
213,163,135
214,161,134
214,161,134
210,160,132
210,158,128
213,163,135
214,161,134
215,162,135
211,161,133
211,159,129
213,163,135
214,161,134
215,162,135
211,161,133
211,159,129
213,163,135
214,161,134
215,162,135
211,161,133
212,160,130
213,163,135
214,161,134
215,162,135
211,161,133
212,160,130
