183,182,172
184,183,173
187,185,175
187,185,175
183,182,172
184,183,173
187,185,175
187,185,175
183,182,172
184,183,173
187,185,175
187,185,175
183,182,172
184,183,173
187,185,175
187,185,175
183,182,172
184,183,173
187,185,175
187,185,175
183,182,172
184,183,173
187,185,175
187,185,175
183,182,172
184,183,173
187,185,175
187,185,175
183,182,172
184,183,173
187,185,175
187,185,175
183,182,172
184,183,173
187,185,175
187,185,175
183,182,172
184,183,173
187,185,175
187,185,175
183,182,172
184,183,173
187,185,175
187,185,175
183,182,172
184,183,173
187,185,175
187,185,175
183,182,172
184,183,173
187,185,175
187,185,175
183,182,172
184,183,173
187,185,175
187,185,175
183,182,172
184,183,173
187,185,175
187,185,175
