224,212,208
228,215,207
232,219,211
234,221,213
238,225,217
224,212,208
228,215,207
232,219,211
234,221,213
238,225,217
224,212,208
228,215,207
231,218,210
234,221,213
238,225,217
224,212,208
228,215,207
231,218,210
234,221,213
238,225,217
224,212,208
228,215,207
231,218,210
234,221,213
238,225,217
224,212,208
228,215,207
231,218,210
234,221,213
238,225,217
223,211,207
228,215,207
231,218,210
234,221,213
238,225,217
223,211,207
228,215,207
231,218,210
234,221,213
238,225,217
223,211,207
228,215,207
231,218,210
234,221,213
239,226,218
223,211,207
228,215,207
231,218,210
234,221,213
238,225,217
223,211,207
228,215,207
231,218,210
234,221,213
236,223,215
223,211,207
228,215,207
231,218,210
234,221,213
236,223,215
223,211,207
228,215,207
231,218,210
234,221,213
236,223,215
223,211,207
228,215,207
231,218,210
234,221,213
237,224,216
223,211,207
228,215,207
231,218,210
234,221,213
237,224,216
