249,204,166
251,200,167
249,204,166
254,207,169
249,204,166
251,200,167
249,204,166
254,207,169
249,204,166
252,202,166
249,204,166
254,207,169
249,204,166
252,202,166
249,204,166
254,207,169
249,204,166
251,204,166
249,204,166
254,207,169
249,204,166
251,204,166
249,204,166
254,207,169
249,204,166
251,204,166
250,205,167
254,207,169
249,204,166
252,205,167
250,205,167
254,207,169
249,204,166
252,205,167
250,205,167
254,207,169
249,204,166
252,205,167
250,205,167
254,207,169
249,204,166
252,205,167
250,205,167
254,207,169
249,204,166
252,205,167
250,205,167
254,207,169
249,204,166
254,205,167
250,205,167
254,207,169
250,205,167
255,206,168
250,205,167
254,207,169
250,205,167
255,205,169
250,205,167
254,207,169
