234,207,181
238,208,181
238,210,186
242,210,191
241,211,194
234,207,181
238,208,181
238,210,186
242,210,191
241,211,194
234,207,181
238,208,181
238,210,186
242,210,191
241,211,194
234,207,181
238,208,181
238,210,186
242,210,191
241,211,194
234,207,181
238,208,181
238,210,186
242,210,191
241,211,194
234,207,181
238,208,181
238,210,186
242,210,191
241,211,194
234,207,181
238,208,181
238,210,186
242,210,191
241,211,194
234,207,181
238,208,181
238,210,186
242,210,191
241,211,194
234,207,181
238,208,181
238,210,186
242,210,191
241,211,194
234,207,181
238,208,181
238,210,186
242,210,191
241,211,194
234,207,181
238,208,181
238,210,186
242,210,191
240,210,193
234,207,181
238,208,181
238,210,186
242,210,191
240,210,193
234,207,181
238,208,181
238,210,186
242,210,191
240,210,193
234,207,181
238,208,181
238,210,186
242,210,191
240,210,193
234,207,181
238,208,181
238,210,186
242,210,191
240,210,193
