243,211,188
243,212,187
243,212,187
243,212,187
243,211,188
243,212,187
243,212,187
243,212,187
243,211,188
243,212,187
243,212,187
243,212,187
243,211,188
243,212,187
243,212,187
243,212,187
243,211,188
243,212,187
243,212,187
243,212,187
243,211,188
243,212,187
243,212,187
243,212,187
243,211,188
243,212,187
243,212,187
243,212,187
243,211,188
243,212,187
243,212,187
243,212,187
243,211,188
243,212,187
243,212,187
243,212,187
243,211,188
243,212,187
243,212,187
243,212,187
243,211,188
243,212,187
243,212,187
243,212,187
243,211,188
243,212,187
243,212,187
243,212,187
243,211,188
243,212,187
243,212,187
243,212,187
243,211,188
243,212,187
243,212,187
243,212,187
243,211,188
243,212,187
243,212,187
243,212,187
