230,219,215
232,220,216
233,221,217
232,223,219
235,226,217
230,219,215
232,220,216
233,221,217
232,223,219
235,226,217
230,219,215
232,220,216
233,221,217
232,223,219
235,226,217
230,219,215
232,220,216
233,221,217
232,223,219
235,226,217
230,219,215
232,220,216
233,221,217
232,223,219
235,226,217
230,219,215
232,220,216
233,221,217
232,223,219
235,226,217
230,219,215
232,220,216
233,221,217
232,223,219
235,226,217
230,219,215
232,220,216
233,221,217
232,223,219
235,226,217
230,219,215
232,220,216
233,221,217
232,223,219
235,226,217
230,219,215
232,220,216
233,221,217
232,223,219
235,226,217
230,219,215
232,220,216
233,221,217
232,223,219
235,226,217
230,219,215
232,220,216
233,221,217
232,223,219
235,226,217
230,219,215
232,220,216
233,221,217
232,223,219
235,226,217
230,219,215
232,220,216
233,221,217
232,223,219
235,226,217
230,219,215
233,221,217
233,221,217
232,223,219
235,226,217
