208,213,212
211,216,215
216,221,220
218,223,222
223,228,227
208,213,212
211,216,215
216,221,220
218,223,222
223,228,227
208,213,212
211,216,215
216,221,220
218,223,222
223,228,227
208,213,212
211,216,215
216,221,220
218,223,222
223,228,227
208,213,212
211,216,215
216,221,220
218,223,222
223,228,227
208,213,212
211,216,215
216,221,220
218,223,222
223,228,227
208,213,212
211,216,215
216,221,220
218,223,222
223,228,227
208,213,212
211,216,215
216,221,220
218,223,222
223,228,227
208,213,212
213,215,215
216,221,220
218,223,222
223,228,227
208,213,212
213,215,215
216,221,220
218,223,222
223,228,227
208,213,212
213,215,215
216,221,220
218,223,222
223,228,227
208,213,212
213,215,215
216,221,220
218,223,222
223,228,227
208,213,212
213,215,215
216,221,220
218,223,222
223,228,227
208,213,212
213,215,215
216,221,220
218,223,222
223,228,227
208,213,212
213,215,215
216,221,220
218,223,222
223,228,227
