198,137,93
198,137,93
198,137,93
199,138,94
199,138,94
198,137,93
198,137,93
198,137,93
199,138,94
199,138,94
198,137,93
198,137,93
198,137,93
199,138,94
199,138,94
198,137,93
198,137,93
198,137,93
199,138,94
199,138,94
198,137,93
198,137,93
198,137,93
199,138,94
199,138,94
198,137,93
198,137,93
198,137,93
199,138,94
199,138,94
198,137,93
198,137,93
198,137,93
199,138,94
199,138,94
198,137,93
198,137,93
198,137,93
199,138,94
199,138,94
198,137,93
198,137,93
198,137,93
199,138,94
199,138,94
198,137,93
198,137,93
198,137,93
199,138,94
199,138,94
199,138,94
199,138,94
198,137,93
199,138,94
199,138,94
199,138,94
199,138,94
198,137,93
199,138,94
199,138,94
199,138,94
199,138,94
198,137,93
199,138,94
199,138,94
199,138,94
199,138,94
198,137,93
199,138,94
199,138,94
199,138,94
199,138,94
198,137,93
199,138,94
199,138,94
