194,141,114
199,147,124
205,151,126
197,148,122
200,147,120
194,141,114
199,147,124
205,151,126
197,148,122
200,147,120
194,141,114
199,147,124
205,151,126
197,148,122
200,147,120
194,141,114
199,147,124
205,151,126
197,148,122
200,147,120
195,142,115
199,147,124
205,151,126
197,148,122
200,147,120
195,142,115
199,147,124
205,151,126
197,148,122
200,147,120
195,142,115
199,147,124
205,151,126
198,149,123
200,147,120
195,142,115
199,147,124
205,151,126
198,149,123
200,147,120
194,141,114
199,147,124
205,151,126
198,149,123
200,147,120
194,141,114
199,147,124
205,151,126
198,149,123
200,147,120
195,142,115
200,148,125
205,151,126
198,149,123
200,147,120
195,142,115
200,148,125
205,151,126
199,150,124
200,147,120
196,143,116
200,148,125
205,151,126
199,150,124
200,147,120
196,143,116
200,148,125
205,151,126
199,150,124
200,147,120
196,143,116
200,148,125
205,151,126
199,150,124
200,147,120
