239,169,99
240,171,98
241,172,99
239,174,99
242,174,99
239,169,99
240,171,98
241,172,99
239,174,99
242,174,99
239,169,99
240,171,98
241,172,99
239,174,99
242,174,99
239,169,99
240,171,98
241,172,99
239,174,99
242,174,99
239,169,99
240,171,98
241,172,99
239,174,99
242,174,99
239,169,99
240,171,98
241,172,99
239,174,99
242,174,99
239,169,99
240,171,98
241,172,99
239,174,99
242,174,99
239,169,99
240,171,98
241,172,99
239,174,99
242,174,99
239,169,99
240,171,98
241,172,99
239,174,99
242,174,99
239,169,99
240,171,98
241,172,99
239,174,99
243,175,100
239,169,99
240,171,98
241,172,99
240,175,100
243,176,101
239,169,99
240,171,98
241,172,99
240,175,100
243,176,101
239,169,99
240,171,98
241,172,99
240,175,100
243,176,101
239,169,99
240,171,98
241,172,99
240,175,100
243,176,101
239,169,99
241,172,99
241,172,99
240,175,100
243,176,101
