194,168,138
196,169,142
198,171,145
201,177,153
194,168,138
196,169,142
198,171,145
201,177,153
195,169,139
199,170,143
198,171,145
200,176,152
195,169,139
199,170,143
198,171,145
199,175,151
195,169,139
199,170,143
198,171,145
199,175,153
195,169,139
199,170,143
197,170,144
198,174,152
195,169,139
199,170,143
196,169,143
198,174,152
195,169,139
199,170,143
196,169,143
198,174,152
195,169,139
199,170,143
197,170,144
197,173,151
196,170,140
199,170,143
196,169,143
197,173,151
196,170,140
202,173,146
198,171,145
196,173,151
196,170,140
200,171,144
199,172,146
196,173,151
198,170,140
201,174,147
197,170,144
197,175,150
198,170,140
198,171,144
198,171,145
197,175,150
199,171,141
200,173,146
199,172,146
198,176,151
