190,134,87
190,134,87
191,134,89
196,137,92
196,140,93
190,134,87
190,134,87
191,134,89
196,137,92
196,140,93
190,134,87
190,134,87
191,134,89
196,137,92
196,140,93
190,134,87
190,134,87
191,134,89
196,137,92
196,140,93
190,134,87
190,134,87
191,134,89
196,137,92
196,140,93
190,134,87
190,134,87
191,134,89
196,137,92
196,140,93
190,134,87
191,134,89
194,135,90
196,137,92
196,140,93
190,134,87
191,134,89
194,135,90
196,137,92
196,140,93
190,133,88
191,134,89
194,135,90
196,137,92
196,140,93
190,133,88
191,134,89
194,135,90
196,137,92
196,140,93
191,134,89
191,134,89
194,135,90
196,137,92
197,141,94
191,134,89
191,134,89
194,135,90
196,137,92
197,141,94
191,134,89
191,134,89
194,135,90
196,137,92
197,141,94
191,134,89
191,134,89
194,135,90
196,137,92
197,141,94
191,134,89
191,134,89
194,135,90
196,137,92
197,141,94
