196,192,187
195,193,183
195,193,183
195,193,183
196,192,187
195,193,183
195,193,183
195,193,183
195,191,186
195,193,183
195,193,183
195,193,183
195,191,186
195,193,183
195,193,183
195,193,183
195,191,186
195,193,183
195,193,183
195,193,183
195,191,186
195,193,183
195,193,183
195,193,183
195,191,186
195,193,183
195,193,183
195,193,183
195,191,186
195,193,183
195,193,183
195,193,183
195,191,186
195,193,183
195,193,183
195,193,183
195,191,186
195,193,183
195,193,183
195,193,183
195,191,186
195,193,183
195,193,183
195,193,183
195,191,186
195,193,183
195,193,183
195,193,183
195,191,186
195,193,183
195,193,183
195,193,183
195,191,186
195,193,183
195,193,183
195,193,183
195,191,186
195,193,183
195,193,183
195,193,183
