209,228,233
208,227,232
207,226,231
206,222,229
209,228,233
208,227,232
207,226,231
206,222,229
209,228,233
208,227,232
207,226,231
206,222,229
209,228,233
208,227,232
207,226,231
206,222,229
209,228,233
208,227,232
207,226,231
206,222,229
209,228,233
208,227,232
207,226,231
206,222,229
209,228,233
208,227,232
207,226,231
206,222,229
209,228,233
208,227,232
207,226,231
206,222,229
209,228,233
208,227,232
206,225,230
206,222,229
209,228,233
208,227,232
207,226,231
206,222,229
209,228,233
208,227,232
206,225,232
206,222,229
209,228,233
208,227,232
206,225,232
206,222,229
209,228,233
208,227,232
206,225,232
206,222,229
209,228,233
208,227,232
206,225,232
206,222,229
209,228,233
208,227,232
206,225,232
206,222,229
