218,199,194
215,196,188
219,200,192
225,208,199
230,215,206
218,199,194
215,196,188
219,200,192
225,208,199
230,215,206
218,199,194
215,196,188
219,200,192
225,208,199
230,215,206
218,199,194
215,196,188
219,200,192
225,208,199
230,215,206
218,199,194
215,196,188
219,200,192
225,208,199
230,215,206
218,199,194
215,196,188
219,200,192
225,208,199
230,215,206
218,199,194
215,196,188
221,200,192
225,208,199
230,215,206
218,199,194
215,196,188
222,201,193
225,208,199
230,215,206
218,199,194
215,196,188
223,202,194
225,208,199
230,215,206
218,199,194
215,196,188
223,202,194
225,208,199
230,215,206
218,199,194
215,196,188
223,202,194
225,208,199
230,215,206
218,199,194
215,196,188
223,202,194
225,208,199
230,215,206
218,199,194
215,196,188
223,202,194
225,208,199
230,215,206
218,199,194
215,196,188
223,202,194
225,208,199
230,215,206
218,199,194
215,196,188
223,202,194
225,208,199
231,216,207
