239,169,85
246,174,90
247,175,91
248,176,92
251,179,95
239,169,85
246,174,90
247,175,91
248,176,92
251,179,95
239,169,85
246,174,90
247,175,91
248,176,92
251,179,95
239,169,85
246,174,90
247,175,91
248,176,92
251,179,95
239,169,85
246,174,90
247,175,91
248,176,92
251,179,95
239,169,85
246,174,90
247,175,91
248,176,92
251,179,95
239,169,85
246,174,90
248,176,92
248,176,92
251,179,95
239,169,85
246,174,90
248,176,92
248,176,92
251,179,95
239,169,86
246,174,90
248,176,92
248,176,92
251,179,95
240,170,87
246,174,90
248,176,92
249,177,93
251,179,95
240,170,87
247,175,91
248,176,92
249,177,93
251,179,95
240,170,87
247,175,91
248,176,92
248,176,92
251,179,95
240,170,87
247,175,91
248,176,92
248,176,92
251,179,95
240,170,87
247,175,91
248,176,92
248,176,92
251,179,95
240,170,87
247,175,91
248,176,92
250,178,94
251,179,95
