231,227,226
234,227,224
236,231,228
238,235,231
238,234,233
231,227,226
234,227,224
236,231,228
238,235,231
238,234,233
231,227,226
234,227,224
236,231,228
238,235,231
238,234,233
231,227,226
234,227,224
236,231,228
238,235,231
238,234,233
231,227,226
234,227,224
236,231,228
238,235,231
238,234,233
231,227,226
234,227,224
236,231,228
238,235,231
238,234,233
231,227,226
234,227,224
236,231,228
238,235,231
238,234,233
231,227,226
234,227,224
236,231,228
238,235,231
238,234,233
231,227,226
234,227,224
236,231,228
238,235,231
238,234,233
231,227,226
234,227,224
236,231,228
238,235,231
238,234,233
231,227,226
234,227,224
236,231,228
238,235,231
238,234,233
231,227,226
234,227,224
236,231,228
238,235,231
238,234,233
231,227,226
234,227,224
236,231,228
238,235,231
238,234,233
231,227,226
234,227,224
236,231,228
238,235,231
238,234,233
231,227,226
234,227,224
236,231,228
238,235,231
238,234,233
