227,227,227
231,229,229
236,231,232
233,233,233
235,235,235
227,227,227
231,229,229
236,231,232
233,233,233
235,235,235
227,227,227
231,229,229
236,231,232
233,233,233
235,235,235
227,227,227
231,229,229
236,231,232
233,233,233
235,235,235
227,227,227
231,229,229
236,231,232
233,233,233
235,235,235
227,227,227
231,229,229
236,231,232
233,233,233
235,235,235
227,227,227
231,229,229
236,231,232
233,233,233
235,235,235
227,227,227
231,229,229
236,231,232
233,233,233
235,235,235
227,227,227
231,229,229
236,231,232
233,233,233
235,235,235
227,227,227
231,229,229
236,231,232
233,233,233
235,235,235
227,227,227
231,229,229
236,231,232
233,233,233
235,235,235
227,227,227
231,229,229
236,231,232
233,233,233
235,235,235
227,227,227
231,229,229
236,231,232
233,233,233
235,235,235
227,227,227
231,229,229
236,231,232
233,233,233
235,235,235
227,227,227
231,229,229
236,231,232
233,233,233
235,235,235
