196,185,171
196,187,174
199,187,177
199,187,177
200,188,178
196,185,171
196,187,174
199,187,177
199,187,177
200,188,178
196,185,171
196,187,174
199,187,177
199,187,177
200,188,178
196,185,171
196,187,174
199,187,177
199,187,177
200,188,178
196,185,171
196,187,174
199,187,177
199,187,177
200,188,178
196,185,171
196,187,174
199,187,177
199,187,177
200,188,178
196,185,171
196,187,174
199,187,177
199,187,177
200,188,178
196,185,171
196,187,174
199,187,177
199,187,177
200,188,178
196,185,171
196,187,174
199,187,177
199,187,177
200,188,178
196,185,171
196,187,174
199,187,177
199,187,177
200,188,178
196,185,171
196,187,174
199,187,177
199,187,177
200,188,178
196,185,171
196,187,174
199,187,177
199,187,177
200,188,178
196,185,171
196,187,174
199,187,177
199,187,177
200,188,178
196,185,171
196,187,174
199,187,177
199,187,177
200,188,178
196,185,171
196,187,174
199,187,177
199,187,177
200,188,178
