242,226,213
239,223,216
238,223,214
238,225,211
238,224,212
242,226,213
239,223,216
238,223,214
238,225,211
238,224,212
242,226,213
239,223,216
238,223,214
238,225,211
238,224,212
242,226,213
239,223,216
238,223,214
238,225,211
238,224,212
242,226,213
239,223,216
238,223,214
238,225,211
238,224,212
242,226,213
239,223,216
238,223,214
238,225,211
238,224,212
242,226,213
239,223,216
238,223,214
238,224,212
238,224,212
242,226,213
239,223,216
238,223,214
238,224,212
238,224,212
242,226,213
239,223,216
238,223,214
238,224,212
238,224,212
242,226,213
239,223,216
238,223,214
238,224,212
238,224,212
242,226,213
239,223,216
238,223,214
238,224,212
238,224,212
242,226,213
239,223,216
238,223,214
238,224,212
238,224,212
242,226,213
239,223,216
238,223,214
238,224,212
238,224,212
242,226,213
239,223,216
238,223,214
238,224,212
238,224,212
242,226,213
239,223,216
238,223,214
238,224,212
238,224,212
