215,196,183
221,203,196
223,205,198
224,207,198
225,209,202
215,196,183
221,203,196
223,205,198
224,207,198
225,209,202
215,196,183
221,203,196
223,205,198
224,207,198
225,209,202
215,196,183
221,203,196
223,205,198
224,207,198
225,209,202
215,196,183
221,203,196
223,205,198
224,207,198
225,209,202
215,196,183
221,203,196
223,205,198
224,207,198
225,209,202
216,197,184
221,203,196
224,206,199
224,207,198
225,209,203
216,197,184
221,203,196
224,206,199
224,207,198
225,209,203
216,197,184
222,204,197
224,207,198
224,207,198
225,209,203
216,197,184
222,204,197
224,207,198
224,207,198
225,209,203
216,197,184
222,204,197
224,207,198
224,207,198
226,210,203
216,197,184
222,204,197
224,207,198
224,207,198
227,211,204
216,197,184
222,204,197
224,207,198
224,207,198
227,212,203
216,197,184
222,204,197
224,207,198
224,207,198
227,212,203
216,197,184
222,204,197
224,207,198
225,208,199
227,212,203
