240,203,169
243,205,170
246,206,171
253,207,166
251,206,168
240,203,169
243,205,170
246,206,171
253,207,166
251,206,168
240,203,169
243,205,170
246,206,171
253,207,166
251,206,168
240,203,169
243,205,170
246,206,171
253,207,166
251,206,168
240,203,169
243,205,170
246,206,171
253,207,166
251,206,168
240,203,169
243,205,170
246,206,171
253,207,166
251,206,168
240,203,169
243,205,170
246,206,171
251,206,168
251,206,168
240,203,169
243,205,170
246,206,171
251,206,168
251,206,168
240,203,169
243,205,170
246,206,171
251,206,168
251,206,169
240,203,169
243,205,170
246,206,171
251,206,168
251,206,169
240,203,169
243,205,170
246,206,171
251,206,169
251,206,169
240,203,169
243,205,170
246,206,171
251,206,169
251,206,169
240,203,169
243,205,170
246,206,171
251,206,169
251,206,169
240,203,169
243,205,170
246,206,171
251,206,169
251,206,169
240,203,169
243,205,170
246,206,171
251,206,169
252,207,170
