198,147,107
199,149,107
202,153,109
202,153,109
203,154,110
198,147,107
199,149,107
202,153,109
202,153,109
203,154,110
198,147,107
199,149,107
202,153,109
202,153,109
203,154,110
198,147,107
199,149,107
202,153,109
202,153,109
203,154,110
198,147,107
199,149,107
202,153,109
202,153,109
203,154,110
198,147,107
199,149,107
202,153,109
202,153,109
203,154,110
198,147,107
200,150,108
201,152,108
202,153,109
203,154,110
198,147,107
200,150,108
201,152,108
202,153,109
203,154,110
198,147,107
200,150,108
201,152,108
201,152,108
203,154,110
198,147,107
200,150,108
201,152,108
201,152,108
204,155,111
199,148,108
200,150,108
202,153,109
202,153,109
205,156,112
199,148,108
200,150,108
202,153,109
202,153,109
205,156,112
199,148,108
200,150,108
202,153,109
202,153,109
205,156,112
199,148,108
200,150,108
201,152,108
202,153,109
205,156,112
199,148,108
201,151,109
201,152,108
202,153,109
205,156,112
