189,196,191
198,207,204
204,217,215
217,225,224
225,232,227
189,196,191
198,207,204
204,217,215
217,225,224
225,232,227
189,196,191
198,207,204
204,217,215
217,225,224
225,232,227
190,197,192
198,207,204
204,217,215
217,225,224
225,232,227
190,197,192
198,207,204
204,217,215
217,225,224
225,232,227
191,198,193
198,207,204
204,217,215
217,225,224
225,232,227
192,199,194
198,207,204
206,217,215
217,225,224
225,232,227
193,200,195
198,207,204
206,217,215
217,225,224
225,232,227
192,199,194
198,207,204
206,217,215
217,225,224
225,232,227
192,199,194
198,207,204
206,217,215
217,225,224
225,232,227
192,199,194
198,207,204
206,217,215
217,225,224
225,232,227
192,199,194
198,207,204
206,217,215
217,225,224
225,232,227
193,200,195
198,207,204
206,217,215
217,225,224
225,232,227
193,200,195
198,207,204
206,217,215
217,225,224
225,232,227
193,200,195
198,207,204
206,217,215
217,225,224
225,232,227
