169,114,83
168,111,80
169,110,78
170,113,82
170,113,82
169,114,83
168,111,80
170,111,79
170,113,82
170,113,82
169,114,83
168,111,80
167,108,76
170,113,82
171,114,83
169,114,83
168,111,80
171,112,80
170,113,82
170,113,82
169,114,83
168,111,80
169,109,79
170,113,82
170,113,82
169,114,83
168,111,80
173,113,83
170,113,82
170,113,82
169,114,83
168,111,80
170,110,81
170,113,82
171,114,83
169,114,83
168,111,80
171,111,82
170,113,82
172,115,84
169,114,83
168,111,80
171,111,82
170,113,82
172,115,83
169,114,83
169,112,81
172,112,83
171,114,83
172,115,83
169,114,83
169,112,81
172,112,82
171,114,83
172,115,83
169,114,83
169,112,81
172,112,82
170,113,82
172,115,83
169,114,83
169,112,81
172,112,82
170,113,82
172,115,83
170,115,84
169,112,81
172,112,82
170,113,82
172,115,83
170,115,84
169,112,81
173,113,83
172,115,84
172,115,83
