197,190,181
198,191,182
198,191,182
198,191,182
197,190,181
198,191,182
198,191,182
198,191,182
197,190,181
198,191,182
198,191,182
198,191,182
197,190,181
198,191,182
198,191,182
198,191,182
197,190,181
198,191,182
198,191,182
198,191,182
197,190,181
198,191,182
198,191,182
198,191,182
197,190,181
198,191,182
198,191,182
198,191,182
197,190,181
198,191,182
198,191,182
198,191,182
197,190,181
198,191,182
198,191,182
198,191,182
197,190,181
198,191,182
198,191,182
198,191,182
197,190,181
198,191,182
198,191,182
198,191,182
197,190,181
198,191,182
198,191,182
198,191,182
197,190,181
198,191,182
198,191,182
198,191,182
197,190,181
198,191,182
198,191,182
198,191,182
197,190,181
198,191,182
198,191,182
198,191,182
