195,143,107
197,143,108
195,143,107
197,145,108
195,143,107
197,143,108
195,143,107
197,145,108
195,143,107
197,143,108
195,143,107
197,145,108
195,143,107
197,143,108
195,143,107
197,145,108
195,143,107
197,143,108
195,143,107
197,145,108
195,143,107
197,143,108
195,143,107
197,145,108
195,143,107
197,143,108
195,143,107
197,145,108
195,143,107
197,143,108
195,143,107
197,145,108
195,143,107
197,143,108
195,143,107
197,145,108
195,143,107
197,143,108
195,143,107
197,145,108
195,143,107
197,143,108
195,143,107
197,145,108
195,143,107
197,143,108
195,143,107
197,145,108
195,143,107
197,143,108
195,143,107
197,145,108
195,143,107
197,143,108
195,143,107
197,145,108
195,143,107
197,143,108
195,143,107
197,145,108
