204,212,211
204,212,211
206,212,211
207,213,212
203,216,214
204,212,211
204,212,211
206,212,211
207,213,212
203,216,214
204,212,211
204,212,211
206,212,211
207,213,212
203,216,214
204,212,211
204,212,211
206,212,211
207,213,212
203,216,214
204,212,211
204,212,211
206,212,211
207,213,212
203,216,214
204,212,211
204,212,211
206,212,211
207,213,212
203,216,214
204,212,211
204,212,211
206,212,211
207,213,212
203,216,214
204,212,211
204,212,211
206,212,211
207,213,212
203,216,214
204,212,211
204,212,211
206,212,211
207,213,212
203,216,214
204,212,211
204,212,211
206,212,211
207,213,212
203,216,214
204,212,211
204,212,211
206,212,211
207,213,212
203,216,214
204,212,211
204,212,211
206,212,211
207,213,212
203,216,214
204,212,211
204,212,211
206,212,211
207,213,212
203,216,214
204,212,211
204,212,211
206,212,211
207,213,212
203,216,214
203,211,210
204,212,211
206,212,211
207,213,212
203,216,214
