224,227,231
228,231,235
231,234,239
236,239,243
239,242,246
224,227,231
228,231,235
231,234,239
236,239,243
239,242,246
224,227,231
228,231,235
231,234,239
236,239,243
239,242,246
224,227,231
228,231,235
231,234,239
236,239,243
239,242,246
224,227,231
228,231,235
231,234,239
236,239,243
239,242,246
224,227,231
228,231,235
231,234,239
236,239,243
239,242,246
224,227,231
228,231,235
231,234,238
236,239,243
239,242,246
224,227,231
228,231,235
232,235,239
236,239,243
239,242,246
224,227,231
228,231,235
231,234,238
236,239,243
239,242,246
224,227,231
228,231,235
231,234,238
236,239,243
239,242,246
224,227,231
228,231,235
231,234,238
235,238,242
239,242,246
224,227,231
228,231,235
231,234,238
235,238,242
239,242,246
224,227,231
228,231,235
231,234,238
235,238,242
239,242,246
224,227,231
228,231,235
231,234,238
235,238,242
239,242,246
223,226,230
228,231,235
231,234,238
235,238,242
239,242,246
