192,193,189
192,193,189
192,193,189
192,193,189
192,193,189
192,193,189
192,193,189
192,193,189
192,193,189
192,193,189
192,193,189
192,193,189
192,193,189
192,193,189
192,193,189
192,193,189
192,193,189
192,193,189
192,193,189
192,193,189
192,193,189
192,193,189
192,193,189
192,193,189
192,193,189
192,193,189
192,193,189
192,193,189
192,193,189
192,193,189
192,193,189
192,193,189
192,193,189
192,193,189
192,193,189
192,193,189
192,193,189
192,193,189
192,193,189
192,193,189
192,193,189
192,193,189
192,193,189
192,193,189
192,193,189
192,193,189
192,193,189
192,193,189
192,193,189
192,193,189
192,193,189
192,193,189
192,193,189
192,193,189
192,193,189
192,193,189
192,193,189
192,193,189
192,193,189
192,193,189
