123 128 126
123 154 187
124 129 127
124 157 190
125 130 128
125 155 190
125 158 191
126 156 191
127 155 189
128 75 24
128 76 29
128 133 131
129 76 25
129 76 26
130 77 27
131 77 30
131 136 134
132 70 30
132 76 29
133 71 31
133 77 30
134 67 40
134 68 39
134 72 31
134 73 33
134 78 29
134 139 137
135 69 40
135 71 37
135 73 32
135 79 30
136 67 40
136 68 39
136 69 42
136 70 41
136 72 38
136 74 33
136 141 139
137 68 41
137 69 40
137 73 39
137 80 29
138 68 39
138 69 42
138 70 41
138 71 38
138 71 40
138 143 141
139 69 40
139 71 42
139 72 41
140 70 40
140 70 41
140 73 42
140 76 35
141 71 41
141 77 36
141 146 144
142 72 42
142 73 40
142 76 27
143 70 42
143 73 43
143 73 44
143 74 41
143 77 28
143 78 34
144 71 43
144 73 46
144 74 45
144 75 42
144 78 29
144 78 30
144 81 31
145 73 43
145 74 47
145 75 46
145 77 34
145 79 30
145 79 31
145 82 32
145 150 148
146 75 42
146 76 47
146 79 30
146 79 34
146 80 31
146 80 32
146 83 33
147 76 43
147 80 31
147 81 33
147 84 34
148 75 45
148 75 47
148 77 44
148 81 32
148 82 33
148 82 34
148 153 151
149 76 46
149 76 48
149 78 45
149 80 47
149 83 34
149 83 35
150 77 47
150 81 48
150 84 35
150 85 34
150 90 44
151 78 50
151 79 49
151 82 33
151 86 35
151 91 45
152 80 50
152 83 34
152 86 38
152 87 36
152 157 155
153 81 51
153 82 49
153 87 36
153 87 38
153 87 39
153 88 37
154 82 34
154 88 39
154 88 40
154 89 38
154 92 44
154 92 46
155 86 36
155 88 39
155 89 41
155 93 45
155 93 47
155 160 158
156 87 38
156 89 40
156 90 41
156 94 46
156 96 50
157 88 39
157 95 47
158 89 40
158 91 42
158 94 46
158 96 50
158 163 161
159 90 41
159 95 47
159 101 66
160 90 43
160 94 46
160 95 50
160 97 47
160 99 67
160 102 67
161 95 47
161 96 51
161 98 48
161 100 68
162 96 47
162 101 69
165 172 169
166 173 170
167 108 76
167 115 74
167 174 171
168 111 80
168 116 75
168 173 171
168 175 172
169 109 79
169 110 78
169 112 81
169 114 83
169 117 76
169 174 172
170 110 81
170 111 79
170 113 82
170 115 84
171 111 82
171 112 80
171 114 83
172 112 82
172 112 83
172 115 83
172 115 84
173 113 83
174 177 175
175 178 176
176 180 175
177 116 72
177 117 75
177 186 189
178 117 73
178 187 191
178 188 188
179 120 75
179 180 176
180 117 73
180 119 75
180 120 74
180 188 187
181 121 75
182 119 69
183 120 70
183 121 73
183 182 172
183 191 184
184 127 76
184 183 173
184 195 187
185 123 75
185 124 74
185 128 77
185 165 147
185 183 173
185 190 188
185 192 187
186 123 72
186 124 76
186 127 77
186 127 81
186 127 82
186 128 79
186 166 148
186 166 149
186 184 174
186 186 186
186 191 190
186 193 188
186 193 190
186 194 183
187 128 83
187 140 88
187 167 150
187 185 175
187 187 187
187 189 189
187 192 191
187 194 191
187 195 185
188 141 89
188 168 151
188 172 155
188 178 171
188 186 176
188 189 185
188 190 190
188 191 189
188 193 192
188 194 189
188 195 192
189 133 86
189 134 89
189 142 90
189 169 152
189 171 154
189 173 156
189 179 172
189 190 186
189 191 191
189 193 188
189 194 193
189 196 191
190 126 68
190 126 72
190 127 69
190 128 74
190 133 88
190 134 87
190 142 94
190 143 91
190 170 152
190 174 157
190 188 180
190 189 185
190 190 190
190 191 187
190 191 189
190 192 192
190 193 191
190 194 189
190 195 194
190 197 192
191 124 67
191 127 69
191 127 73
191 128 70
191 129 75
191 134 89
191 139 93
191 143 95
191 148 129
191 150 128
191 154 134
191 171 153
191 172 151
191 175 158
191 188 183
191 191 185
191 192 190
191 193 193
191 194 192
191 198 193
191 198 195
192 125 68
192 128 74
192 129 71
192 130 76
192 135 90
192 137 92
192 138 108
192 140 94
192 144 96
192 145 94
192 149 130
192 151 129
192 155 135
192 176 159
192 190 189
192 191 187
192 193 183
192 193 189
192 197 195
192 197 196
192 199 192
192 199 194
192 199 196
193 129 75
193 131 77
193 134 89
193 136 91
193 138 93
193 138 107
193 139 109
193 141 95
193 145 97
193 146 95
193 156 136
193 175 158
193 188 185
193 189 178
193 189 184
193 194 190
193 196 194
193 199 194
193 200 195
193 202 206
194 116 49
194 130 76
194 132 78
194 134 92
194 135 90
194 137 92
194 139 108
194 140 110
194 141 114
194 142 96
194 146 98
194 147 96
194 153 131
194 157 137
194 168 138
194 183 169
194 188 181
194 188 183
194 190 179
194 190 185
194 191 187
194 192 182
194 195 191
194 198 192
194 198 193
194 203 207
195 117 50
195 133 79
195 135 93
195 136 91
195 138 93
195 140 109
195 141 111
195 142 115
195 143 97
195 143 107
195 148 97
195 169 139
195 175 158
195 177 160
195 190 187
195 191 186
195 192 188
195 193 183
195 193 185
195 194 190
195 196 192
195 196 194
195 199 194
195 199 200
195 204 208
196 118 51
196 137 92
196 139 78
196 140 93
196 141 110
196 142 112
196 143 116
196 144 98
196 149 98
196 155 133
196 159 139
196 169 142
196 169 143
196 170 140
196 173 151
196 176 159
196 178 161
196 185 171
196 187 174
196 189 180
196 190 185
196 191 182
196 192 187
196 193 185
196 193 189
196 194 186
196 197 193
196 200 201
196 205 209
197 137 91
197 138 89
197 138 93
197 140 79
197 141 94
197 142 111
197 143 108
197 143 113
197 145 92
197 145 99
197 145 108
197 148 98
197 148 122
197 150 99
197 152 114
197 156 134
197 160 140
197 170 144
197 173 151
197 175 150
197 179 162
197 185 173
197 188 174
197 188 184
197 190 181
197 191 180
197 191 184
197 191 186
197 192 183
197 198 194
197 198 196
198 137 93
198 138 78
198 139 90
198 139 93
198 139 94
198 143 112
198 146 93
198 147 97
198 147 107
198 149 99
198 149 123
198 153 115
198 157 135
198 160 142
198 170 140
198 171 144
198 171 145
198 174 152
198 175 159
198 176 151
198 189 175
198 191 182
198 192 185
198 193 184
198 197 187
198 198 186
198 198 192
198 199 195
198 207 204
198 210 216
199 138 94
199 139 79
199 139 93
199 140 95
199 147 94
199 147 100
199 147 124
199 148 108
199 149 107
199 150 124
199 154 116
199 170 143
199 171 141
199 172 146
199 175 151
199 175 153
199 176 160
199 187 177
199 191 184
199 193 186
199 197 186
199 198 194
199 200 196
199 202 200
199 211 217
200 140 80
200 147 120
200 148 95
200 148 101
200 148 125
200 150 108
200 152 116
200 159 137
200 162 144
200 171 144
200 173 146
200 176 152
200 177 161
200 184 171
200 188 178
200 192 185
200 193 178
200 194 187
200 200 188
200 201 197
200 204 199
200 212 218
201 139 79
201 143 94
201 146 95
201 149 102
201 151 109
201 152 108
201 160 138
201 171 142
201 174 147
201 177 153
201 185 172
201 186 170
201 191 174
201 194 179
201 199 189
201 202 200
201 205 199
201 205 200
202 144 95
202 147 96
202 153 109
202 156 115
202 161 128
202 162 127
202 164 130
202 164 146
202 169 136
202 173 146
202 177 161
202 186 173
202 192 175
202 203 199
202 205 203
203 145 96
203 148 97
203 154 110
203 154 114
203 161 126
203 162 129
203 162 140
203 165 131
203 174 143
203 194 180
203 196 181
203 206 204
203 211 210
203 216 214
204 155 111
204 155 115
204 163 130
204 163 141
204 167 133
204 169 136
204 171 151
204 175 144
204 176 145
204 193 179
204 199 196
204 201 197
204 212 211
204 217 215
205 147 98
205 148 97
205 151 126
205 156 112
205 163 128
205 166 134
205 167 135
205 170 137
205 171 141
205 172 146
205 172 152
205 175 148
205 177 146
205 177 153
205 194 180
205 200 197
205 217 223
206 148 99
206 149 98
206 167 135
206 168 136
206 170 140
206 172 142
206 176 149
206 177 156
206 178 154
206 195 181
206 197 183
206 210 198
206 212 211
206 217 215
206 218 224
206 222 229
206 225 230
206 225 232
207 150 99
207 156 116
207 159 131
207 168 136
207 169 137
207 171 141
207 179 155
207 196 182
207 202 199
207 205 204
207 210 201
207 211 199
207 213 212
207 219 229
207 226 231
208 151 100
208 157 117
208 169 137
208 172 142
208 173 139
208 191 170
208 193 177
208 200 193
208 206 205
208 213 212
208 220 230
208 227 232
209 152 101
209 156 129
209 157 127
209 158 126
209 159 131
209 173 143
209 173 155
209 174 140
209 179 152
209 191 168
209 192 166
209 192 171
209 193 170
209 194 178
209 201 194
209 207 206
209 213 201
209 226 235
209 228 233
210 151 102
210 155 104
210 158 128
210 160 132
210 174 156
210 175 141
210 192 169
210 193 174
210 195 179
210 201 187
210 208 207
210 227 236
211 152 103
211 154 103
211 156 105
211 158 131
211 159 129
211 161 133
211 176 142
211 189 161
211 190 159
211 194 175
211 195 182
211 196 180
211 209 208
211 216 215
212 155 104
212 157 106
212 159 132
212 160 130
212 162 110
212 162 134
212 163 115
212 176 158
212 178 142
212 190 162
212 191 160
212 195 176
212 196 173
212 196 183
212 209 205
213 151 103
213 156 105
213 158 107
213 160 110
213 160 133
213 163 111
213 163 117
213 163 135
213 164 116
213 174 130
213 193 168
213 196 175
213 197 181
213 197 184
213 215 215
214 152 104
214 159 108
214 161 111
214 161 134
214 164 112
214 164 118
214 173 148
214 173 150
214 175 131
214 190 162
214 192 167
214 194 169
214 196 179
214 197 178
214 198 182
214 198 185
214 199 183
215 158 107
215 160 109
215 162 111
215 162 135
215 174 149
215 174 151
215 180 146
215 191 161
215 191 163
215 196 183
215 196 188
215 199 183
215 199 186
215 215 215
216 161 110
216 166 114
216 172 148
216 173 146
216 175 150
216 175 152
216 181 147
216 195 173
216 195 174
216 195 180
216 196 178
216 197 184
216 198 181
216 200 184
216 221 220
217 162 111
217 167 115
217 169 117
217 170 116
217 173 149
217 176 153
217 196 175
217 196 181
217 197 179
217 197 180
217 199 182
217 201 188
217 210 201
217 225 224
218 163 112
218 168 116
218 171 117
218 173 146
218 174 150
218 176 133
218 176 134
218 197 176
218 197 182
218 199 194
218 200 183
218 202 189
218 209 199
218 211 202
218 223 222
219 169 117
219 171 119
219 174 147
219 181 149
219 200 192
219 201 184
219 210 200
219 212 203
219 217 216
220 163 112
220 170 118
220 176 152
220 179 156
220 182 150
220 211 201
221 164 113
221 166 115
221 171 119
221 177 153
221 178 151
221 180 157
221 190 169
221 200 192
221 203 196
221 212 202
221 212 203
222 178 154
222 179 152
222 191 170
222 196 180
222 201 193
222 203 196
222 204 197
222 213 203
222 213 204
222 220 219
223 180 153
223 192 171
223 197 180
223 197 181
223 199 177
223 202 194
223 204 196
223 205 198
223 211 207
223 214 204
223 220 216
223 226 230
223 228 227
224 198 181
224 200 178
224 205 197
224 206 199
224 207 198
224 212 208
224 215 205
224 227 231
225 196 169
225 199 182
225 200 180
225 206 198
225 208 199
225 209 202
225 209 203
225 232 227
226 197 170
226 200 183
226 200 184
226 207 199
226 210 203
226 217 207
226 221 218
227 197 170
227 201 185
227 211 204
227 212 203
227 215 209
227 215 213
227 225 224
227 227 227
228 186 139
228 186 141
228 188 140
228 194 181
228 195 179
228 195 180
228 198 171
228 202 186
228 215 207
228 219 209
228 231 235
229 184 140
229 187 140
229 187 142
229 218 214
229 220 210
229 225 224
229 227 227
230 185 141
230 204 188
230 212 205
230 214 208
230 215 206
230 219 215
230 221 211
230 226 221
231 185 138
231 201 176
231 215 203
231 216 207
231 218 210
231 220 212
231 221 211
231 221 214
231 222 212
231 225 220
231 227 226
231 229 221
231 229 229
231 234 238
231 234 239
232 183 137
232 185 141
232 198 162
232 202 177
232 203 176
232 206 192
232 207 191
232 215 206
232 215 212
232 216 203
232 216 204
232 219 211
232 220 214
232 220 216
232 222 215
232 223 213
232 223 219
232 235 239
233 184 140
233 186 142
233 199 163
233 207 190
233 208 192
233 211 199
233 216 207
233 217 205
233 220 212
233 221 211
233 221 217
233 224 214
233 225 225
233 233 233
234 185 141
234 187 143
234 200 164
234 203 180
234 204 179
234 205 178
234 207 181
234 209 193
234 212 200
234 218 205
234 219 210
234 221 213
234 222 212
234 225 215
234 227 224
234 229 226
235 188 144
235 201 165
235 204 179
235 210 194
235 219 206
235 220 211
235 225 215
235 226 217
235 235 235
235 238 242
236 187 143
236 189 145
236 202 166
236 204 181
236 211 195
236 223 215
236 231 228
236 231 232
236 239 243
237 188 144
237 218 213
237 221 208
237 221 209
237 224 216
237 228 225
238 204 168
238 208 181
238 210 186
238 222 209
238 222 210
238 222 216
238 223 214
238 224 212
238 225 211
238 225 217
238 234 233
238 235 231
239 167 83
239 169 85
239 169 86
239 169 92
239 169 99
239 170 91
239 174 99
239 205 169
239 223 216
239 223 217
239 226 218
239 242 246
240 168 84
240 170 87
240 170 93
240 171 91
240 171 98
240 175 100
240 203 169
240 206 170
240 210 191
240 210 193
240 217 201
240 224 217
240 231 227
241 169 85
241 172 92
241 172 99
241 211 192
241 211 194
241 218 202
241 226 217
241 228 220
242 170 86
242 173 93
242 174 99
242 210 191
242 212 193
242 219 203
242 226 213
242 227 218
242 229 221
243 171 87
243 174 94
243 175 100
243 176 101
243 205 170
243 211 188
243 212 187
243 212 197
243 220 204
243 228 219
243 228 225
244 172 88
244 173 93
244 213 192
244 213 198
244 215 194
244 226 219
245 173 89
245 173 95
245 174 94
245 213 194
245 214 191
245 214 193
245 215 190
245 215 196
245 216 195
245 227 220
245 228 219
245 230 227
246 174 90
246 174 96
246 174 97
246 206 171
246 212 188
246 212 189
246 215 200
246 216 197
246 216 199
246 217 196
246 230 217
246 231 228
247 175 91
247 212 186
247 213 189
247 213 190
247 215 196
247 231 218
248 176 92
248 194 133
248 196 130
248 212 188
248 213 187
248 216 193
248 232 219
248 243 228
248 248 232
249 177 93
249 195 134
249 195 135
249 196 133
249 197 131
249 204 166
249 213 189
249 217 194
249 233 220
249 237 227
249 244 229
249 249 233
250 178 94
250 196 136
250 198 127
250 199 143
250 200 142
250 201 151
250 205 167
250 216 192
250 218 195
250 234 221
250 238 228
250 245 230
251 179 95
251 197 134
251 199 128
251 199 146
251 200 144
251 200 167
251 203 155
251 204 166
251 205 157
251 206 168
251 206 169
251 218 198
251 239 229
251 246 231
252 180 96
252 194 129
252 195 139
252 198 145
252 200 147
252 201 145
252 201 151
252 202 166
252 203 155
252 204 156
252 205 167
252 206 158
252 207 170
252 217 191
252 240 230
252 247 232
253 181 97
253 196 140
253 196 144
253 199 128
253 200 150
253 201 148
253 203 150
253 205 153
253 207 166
253 220 200
253 241 231
254 195 133
254 196 144
254 197 141
254 197 145
254 200 129
254 201 151
254 202 149
254 204 152
254 205 155
254 205 167
254 207 156
254 207 169
254 217 189
254 221 201
255 196 144
255 198 142
255 198 146
255 200 143
255 203 150
255 205 169
255 206 168
255 208 157
255 217 189
255 218 188
255 222 202
