222,203,196
223,204,196
225,206,198
230,212,205
232,215,206
222,203,196
223,204,196
225,206,198
230,212,205
232,215,206
222,203,196
223,204,196
225,206,198
230,212,205
232,215,206
222,203,196
223,204,196
225,206,198
230,212,205
232,215,206
222,203,196
223,204,196
225,206,198
230,212,205
232,215,206
222,203,196
223,204,196
225,206,198
230,212,205
232,215,206
222,203,196
223,204,196
225,206,198
230,212,205
232,215,206
222,203,196
223,204,196
225,206,198
230,212,205
232,215,206
222,203,196
223,204,196
225,206,198
230,212,205
233,216,207
222,203,196
223,204,196
225,206,198
230,212,205
233,216,207
222,203,196
224,205,197
226,207,199
230,212,205
233,216,207
222,203,196
224,205,197
226,207,199
230,212,205
233,216,207
222,203,196
224,205,197
226,207,199
230,212,205
233,216,207
222,203,196
224,205,197
226,207,199
230,212,205
233,216,207
222,203,196
224,205,197
226,207,199
230,212,205
233,216,207
