207,205,204
210,208,207
210,208,207
211,209,208
207,205,204
210,208,207
210,208,207
211,209,208
207,205,204
210,208,207
210,208,207
211,209,208
207,205,204
210,208,207
210,208,207
211,209,208
207,205,204
210,208,207
210,208,207
211,209,208
207,205,204
210,208,207
210,208,207
211,209,208
207,205,204
210,208,207
210,208,207
211,209,208
207,205,204
210,208,207
210,208,207
211,209,208
207,205,204
211,209,208
210,208,207
211,209,208
207,205,204
210,208,207
210,208,207
211,209,208
207,205,204
208,206,205
210,208,207
210,208,207
207,205,204
208,206,205
210,208,207
210,208,207
207,205,204
208,206,205
210,208,207
210,208,207
207,205,204
209,207,206
210,208,207
210,208,207
207,205,204
209,207,206
210,208,207
210,208,207
