233,211,199
232,206,192
233,207,190
232,207,191
232,207,191
233,211,199
232,206,192
233,207,190
232,207,191
232,207,191
233,211,199
232,206,192
233,207,190
232,207,191
232,207,191
233,211,199
232,206,192
233,207,190
232,207,191
232,207,191
233,211,199
232,206,192
233,207,190
232,207,191
233,208,192
233,211,199
232,206,192
233,207,190
232,207,191
233,208,192
233,211,199
232,206,192
233,207,190
232,207,191
233,208,192
233,211,199
232,206,192
233,207,190
232,207,191
233,208,192
233,211,199
232,206,192
233,207,190
232,207,191
233,208,192
233,211,199
232,206,192
233,207,190
232,207,191
233,208,192
234,212,200
232,206,192
233,207,190
232,207,191
233,208,192
234,212,200
232,206,192
233,207,190
232,207,191
234,209,193
234,212,200
232,206,192
233,207,190
232,207,191
234,209,193
234,212,200
232,206,192
233,207,190
232,207,191
235,210,194
234,212,200
232,206,192
233,207,190
232,207,191
236,211,195
