194,195,191
194,195,191
195,196,192
194,195,191
194,195,191
194,195,191
195,196,192
194,195,191
194,195,191
194,195,191
195,196,192
194,195,191
194,195,191
194,195,191
195,196,192
194,195,191
194,195,191
194,195,191
195,196,192
194,195,191
194,195,191
194,195,191
195,196,192
194,195,191
194,195,191
194,195,191
195,196,192
194,195,191
194,195,191
194,195,191
195,196,192
194,195,191
194,195,191
194,195,191
195,196,192
194,195,191
194,195,191
194,195,191
195,196,192
194,195,191
194,195,191
194,195,191
195,196,192
194,195,191
194,195,191
194,195,191
195,196,192
194,195,191
194,195,191
194,195,191
195,196,192
194,195,191
194,195,191
194,195,191
195,196,192
194,195,191
194,195,191
194,195,191
195,196,192
194,195,191
