149,76,46
149,76,46
148,75,45
148,77,44
147,76,43
149,76,46
149,76,46
148,75,45
148,77,44
147,76,43
149,76,46
149,76,46
148,75,45
148,77,44
147,76,43
149,76,46
149,76,46
148,75,45
148,77,44
147,76,43
149,76,46
149,76,46
148,75,45
148,77,44
147,76,43
149,76,46
149,76,46
148,75,45
148,77,44
147,76,43
149,76,46
149,76,46
148,75,45
148,77,44
147,76,43
149,76,46
149,76,46
148,75,45
148,77,44
147,76,43
150,77,47
150,77,47
148,75,45
148,77,44
147,76,43
150,77,47
150,77,47
149,76,46
148,77,44
147,76,43
150,77,47
150,77,47
149,76,46
148,77,44
148,77,44
150,77,47
150,77,47
149,76,46
148,77,44
148,77,44
150,77,47
150,77,47
149,76,46
148,77,44
148,77,44
150,77,47
150,77,47
149,76,46
148,77,44
148,77,44
150,77,47
150,77,47
150,77,47
149,78,45
149,78,45
