215,160,109
214,159,108
211,156,105
211,156,105
215,160,109
214,159,108
211,156,105
211,156,105
215,160,109
214,159,108
211,156,105
211,156,105
215,160,109
214,159,108
211,156,105
211,156,105
215,160,109
214,159,108
211,156,105
211,156,105
215,160,109
214,159,108
211,156,105
211,156,105
215,160,109
214,159,108
211,156,105
211,156,105
215,160,109
214,159,108
211,156,105
211,156,105
215,160,109
214,159,108
210,155,104
211,156,105
215,160,109
214,159,108
212,157,106
212,157,106
215,160,109
215,160,109
213,158,107
212,157,106
215,160,109
215,160,109
214,159,108
211,156,105
215,160,109
215,160,109
214,159,108
213,156,105
216,161,110
215,160,109
214,159,108
213,156,105
216,161,110
215,160,109
214,159,108
215,158,107
