242,219,203
245,214,191
245,215,190
248,213,187
243,220,204
245,214,191
245,214,191
248,213,187
242,219,203
245,214,191
245,214,193
247,212,186
242,219,203
245,214,191
245,214,193
247,212,186
241,218,202
245,214,193
247,215,196
247,212,186
240,217,201
244,213,192
245,213,194
248,213,187
241,218,202
242,212,193
242,212,193
248,212,188
241,218,202
241,211,192
245,215,196
249,213,189
241,218,202
240,210,191
244,215,194
247,213,189
241,218,202
240,210,191
246,217,196
247,213,189
240,217,201
240,210,193
245,216,195
246,212,188
240,217,201
241,211,194
244,215,194
246,212,188
240,217,201
243,212,197
246,216,197
247,213,190
240,217,201
244,213,198
246,216,199
247,213,190
240,217,201
244,213,198
246,215,200
246,212,189
