189,133,86
194,134,92
191,134,89
195,136,91
196,137,92
189,133,86
194,134,92
191,134,89
195,136,91
197,138,93
189,133,86
194,134,92
191,134,89
195,136,91
197,138,93
189,133,86
194,134,92
191,134,89
195,136,91
196,137,92
189,133,86
194,134,92
191,134,89
195,136,91
196,137,92
189,133,86
194,134,92
191,134,89
195,136,91
196,137,92
189,133,86
194,134,92
191,134,89
196,137,92
198,139,94
189,133,86
194,134,92
191,134,89
196,137,92
199,140,95
189,133,86
195,135,93
193,134,89
196,137,92
196,140,93
189,133,86
195,135,93
194,135,90
196,137,92
196,140,93
190,134,87
194,134,92
194,135,90
196,137,92
196,140,93
190,134,87
194,134,92
194,135,90
196,137,92
196,140,93
190,134,87
194,134,92
194,135,90
196,137,92
196,140,93
190,134,87
194,134,92
194,135,90
196,137,92
196,140,93
190,134,87
194,134,92
195,136,91
196,137,92
196,140,93
