217,170,116
220,170,118
218,168,116
216,166,114
217,170,116
220,170,118
218,168,116
216,166,114
217,170,116
220,170,118
218,168,116
216,166,114
217,170,116
220,170,118
218,168,116
216,166,114
217,170,116
220,170,118
218,168,116
216,166,114
217,170,116
220,170,118
218,168,116
216,166,114
217,170,116
220,170,118
218,168,116
216,166,114
217,170,116
220,170,118
218,168,116
216,166,114
217,170,116
220,170,118
218,168,116
216,166,114
218,171,117
220,170,118
218,168,116
217,167,115
218,171,117
220,170,118
219,169,117
218,168,116
217,170,116
220,170,118
219,169,117
218,168,116
217,169,117
220,170,118
219,169,117
218,168,116
217,169,117
220,170,118
219,169,117
218,168,116
219,171,119
221,171,119
219,169,117
218,168,116
