217,210,201
218,209,199
221,212,202
221,212,202
217,210,201
218,209,199
221,212,202
221,212,202
217,210,201
218,209,199
221,212,202
221,212,202
217,210,201
218,209,199
221,212,202
221,212,202
217,210,201
218,209,199
221,212,202
221,212,202
217,210,201
218,209,199
221,212,202
221,212,202
217,210,201
218,209,199
221,212,202
221,212,202
217,210,201
218,209,199
221,212,202
221,212,202
217,210,201
218,209,199
222,213,203
221,212,202
217,210,201
218,209,199
221,212,202
221,212,202
217,210,201
218,209,199
219,210,200
221,212,202
217,210,201
218,209,199
219,210,200
221,212,202
217,210,201
218,209,199
219,210,200
221,212,202
217,210,201
218,209,199
220,211,201
221,212,202
217,210,201
218,209,199
220,211,201
221,212,202
