218,176,134
218,176,133
214,175,131
213,174,130
218,176,134
218,176,133
214,175,131
213,174,130
218,176,134
218,176,133
214,175,131
213,174,130
218,176,134
218,176,133
214,175,131
213,174,130
218,176,134
218,176,133
214,175,131
213,174,130
218,176,134
218,176,133
214,175,131
213,174,130
218,176,134
218,176,133
214,175,131
213,174,130
218,176,134
218,176,133
214,175,131
213,174,130
218,176,134
218,176,133
214,175,131
213,174,130
218,176,134
218,176,133
214,175,131
213,174,130
218,176,134
218,176,133
214,175,131
213,174,130
218,176,134
218,176,133
214,175,131
213,174,130
218,176,134
218,176,133
214,175,131
213,174,130
218,176,134
218,176,133
214,175,131
214,175,131
218,176,134
218,176,133
214,175,131
214,175,131
