197,188,184
194,188,181
194,188,183
198,191,182
197,190,181
197,188,184
194,188,181
194,188,183
198,191,182
197,190,181
197,188,184
194,188,181
194,188,183
197,190,181
197,190,181
197,188,184
194,188,181
194,188,183
197,190,181
197,190,181
197,188,184
194,188,181
194,188,183
197,190,181
197,190,181
197,188,184
194,188,181
194,188,183
197,190,181
197,190,181
197,188,184
194,188,181
194,188,183
197,190,181
197,190,181
197,188,184
194,188,181
194,188,183
197,190,181
197,190,181
197,188,184
194,188,181
194,188,183
197,190,181
197,190,181
197,188,184
194,188,181
194,188,183
197,190,181
197,190,181
197,188,184
194,188,181
194,188,183
197,190,181
197,190,181
197,188,184
194,188,181
194,188,183
197,190,181
197,190,181
197,188,184
194,188,181
194,188,183
197,190,181
197,190,181
197,188,184
194,188,181
194,188,183
197,190,181
197,190,181
197,188,184
194,188,181
194,188,183
197,190,181
197,190,181
