237,218,213
237,221,209
238,222,210
238,222,210
237,221,208
237,218,213
237,221,209
238,222,210
238,222,210
237,221,208
237,218,213
237,221,209
238,222,210
238,222,210
237,221,208
237,218,213
237,221,209
238,222,210
238,222,210
237,221,208
237,218,213
237,221,209
238,222,210
238,222,210
237,221,208
237,218,213
237,221,209
238,222,210
238,222,210
237,221,208
237,218,213
237,221,209
238,222,210
238,222,210
237,221,208
237,218,213
237,221,209
238,222,210
238,222,210
237,221,208
237,218,213
237,221,209
238,222,210
238,222,210
237,221,208
237,218,213
237,221,209
238,222,210
238,222,210
237,221,208
237,218,213
237,221,209
238,222,210
238,222,210
238,222,209
237,218,213
237,221,209
238,222,210
238,222,210
238,222,209
237,218,213
237,221,209
238,222,210
238,222,210
238,222,209
237,218,213
237,221,209
238,222,210
238,222,210
238,222,209
237,218,213
237,221,209
238,222,210
238,222,210
238,222,209
