208,173,139
216,181,147
219,181,149
203,161,126
202,169,136
208,173,139
216,181,147
219,181,149
205,163,128
202,169,136
208,173,139
216,181,147
219,181,149
202,162,127
204,169,136
208,173,139
216,181,147
219,181,149
202,162,127
204,169,136
208,173,139
216,181,147
219,181,149
204,163,130
204,169,136
209,174,140
216,181,147
219,181,149
203,162,129
205,170,137
210,175,141
216,181,147
220,182,150
202,161,128
205,170,137
211,176,142
216,181,147
220,182,150
204,163,130
205,170,137
211,176,142
215,180,146
220,182,150
202,164,130
207,169,137
211,176,142
215,180,146
220,182,150
203,165,131
207,169,137
212,178,142
215,180,146
220,182,150
204,167,133
208,169,137
212,178,142
215,180,146
220,182,150
204,167,133
207,168,136
212,178,142
215,180,146
220,182,150
205,167,135
207,168,136
212,178,142
215,180,146
220,182,150
205,167,135
206,167,135
212,178,142
215,180,146
220,182,150
206,168,136
205,166,134
