220,163,112
213,163,111
213,160,110
212,162,110
220,163,112
213,163,111
213,160,110
212,162,110
220,163,112
213,163,111
213,160,110
212,162,110
220,163,112
213,163,111
213,160,110
212,162,110
220,163,112
213,163,111
213,160,110
212,162,110
220,163,112
213,163,111
213,160,110
212,162,110
221,164,113
213,163,111
213,160,110
212,162,110
221,164,113
213,163,111
213,160,110
212,162,110
221,164,113
213,163,111
213,160,110
212,162,110
221,164,113
214,164,112
214,161,111
212,162,110
218,163,112
214,164,112
215,162,111
213,163,111
218,163,112
214,164,112
215,162,111
213,163,111
218,163,112
214,164,112
215,162,111
213,163,111
218,163,112
214,164,112
215,162,111
213,163,111
218,163,112
214,164,112
215,162,111
213,163,111
