246,230,217
250,238,228
248,243,228
248,248,232
251,246,231
246,230,217
250,238,228
248,243,228
248,248,232
251,246,231
246,230,217
249,237,227
248,243,228
248,248,232
251,246,231
246,230,217
249,237,227
248,243,228
248,248,232
251,246,231
246,230,217
249,237,227
249,244,229
248,248,232
251,246,231
246,230,217
249,237,227
250,245,230
248,248,232
251,246,231
246,230,217
250,238,228
250,245,230
248,248,232
251,246,231
246,230,217
250,238,228
251,246,231
248,248,232
251,246,231
247,231,218
249,237,227
251,246,231
248,248,232
251,246,231
246,230,217
251,239,229
251,246,231
248,248,232
251,246,231
247,231,218
250,238,228
252,247,232
248,248,232
252,247,232
248,232,219
250,238,228
252,247,232
248,248,232
252,247,232
249,233,220
252,240,230
251,246,231
249,249,233
252,247,232
250,234,221
253,241,231
251,246,231
249,249,233
252,247,232
249,233,220
252,240,230
251,246,231
249,249,233
252,247,232
