190,134,87
189,134,89
193,138,93
197,138,89
198,139,93
190,134,87
189,134,89
192,137,92
197,138,89
198,139,93
190,134,87
189,134,89
192,135,90
197,138,89
198,139,93
190,134,87
189,134,89
192,135,90
197,138,89
198,139,93
190,134,87
189,134,89
192,135,90
197,138,89
198,139,93
190,134,87
189,134,89
193,136,91
197,138,89
198,139,93
190,134,87
189,134,89
193,136,91
197,138,89
198,139,93
190,134,87
189,134,89
192,135,90
197,138,89
198,139,93
190,133,88
189,134,89
192,135,90
197,138,89
198,139,93
190,133,88
189,134,89
193,136,91
198,139,90
198,139,93
191,134,89
189,134,89
194,137,92
198,139,90
199,140,95
191,134,89
189,134,89
195,138,93
197,138,89
199,140,95
191,134,89
191,134,89
192,137,92
197,137,91
199,140,95
191,134,89
191,134,89
192,137,92
197,137,91
199,140,95
191,134,89
192,135,90
192,137,92
199,139,93
199,140,95
