251,197,134
251,197,134
254,195,133
252,194,129
251,197,134
251,197,134
254,195,133
252,194,129
251,197,134
251,197,134
254,195,133
252,194,129
251,197,134
251,197,134
254,195,133
252,194,129
251,197,134
251,197,134
254,195,133
252,194,129
251,197,134
251,197,134
254,195,133
252,194,129
251,197,134
251,197,134
254,195,133
252,194,129
251,197,134
251,197,134
254,195,133
252,194,129
251,197,134
251,197,134
254,195,133
252,194,129
251,197,134
251,197,134
254,195,133
252,194,129
251,197,134
251,197,134
254,195,133
252,194,129
251,197,134
251,197,134
254,195,133
252,194,129
251,197,134
251,197,134
254,195,133
252,194,129
251,197,134
251,197,134
254,195,133
252,194,129
251,197,134
251,197,134
254,195,133
252,194,129
