189,179,172
199,193,186
200,194,187
209,201,194
212,209,205
189,179,172
199,193,186
200,194,187
209,201,194
212,209,205
189,179,172
199,193,186
200,194,187
209,201,194
212,209,205
189,179,172
199,193,186
200,194,187
209,201,194
212,209,205
189,179,172
199,193,186
200,194,187
209,201,194
212,209,205
189,179,172
199,193,186
200,194,187
208,200,193
212,209,205
189,179,172
199,193,186
200,194,187
208,200,193
212,209,205
189,179,172
199,193,186
200,194,187
208,200,193
212,209,205
189,179,172
198,192,185
200,194,187
208,200,193
212,209,205
189,179,172
198,192,185
200,194,187
208,200,193
212,209,205
189,179,172
198,192,185
200,194,187
208,200,193
212,209,205
189,179,172
198,192,185
200,194,187
208,200,193
212,209,205
189,179,172
200,192,185
200,194,187
208,200,193
212,209,205
189,179,172
200,192,185
200,194,187
208,200,193
212,209,205
188,178,171
199,191,184
200,194,187
208,200,193
212,209,205
