239,170,91
240,171,91
241,172,92
244,173,93
245,174,94
239,170,91
240,171,91
241,172,92
244,173,93
245,174,94
239,170,91
240,171,91
241,172,92
244,173,93
245,174,94
239,170,91
240,171,91
241,172,92
244,173,93
245,174,94
239,170,91
240,171,91
241,172,92
244,173,93
245,174,94
239,170,91
240,171,91
241,172,92
244,173,93
245,174,94
239,170,91
240,171,91
242,173,93
244,173,93
245,174,94
239,170,91
240,171,91
242,173,93
244,173,93
245,174,94
239,170,91
240,171,91
242,173,93
244,173,93
245,174,94
239,170,91
240,171,91
242,173,93
244,173,93
245,174,94
239,170,91
240,171,91
242,173,93
244,173,93
245,173,95
239,170,91
241,172,92
242,173,93
244,173,93
245,173,95
239,169,92
241,172,92
242,173,93
244,173,93
245,173,95
239,169,92
241,172,92
242,173,93
245,174,94
246,174,96
240,170,93
241,172,92
243,174,94
245,174,94
246,174,97
