215,191,161
214,190,162
211,190,159
211,189,161
215,191,161
214,190,162
211,190,159
211,189,161
215,191,161
214,190,162
211,190,159
211,189,161
215,191,161
214,190,162
211,190,159
211,189,161
215,191,161
214,190,162
211,190,159
211,189,161
215,191,161
214,190,162
211,190,159
211,189,161
215,191,161
214,190,162
212,191,160
211,189,161
215,191,161
214,190,162
212,191,160
211,189,161
215,191,161
214,190,162
212,191,160
211,189,161
215,191,161
214,190,162
212,191,160
211,189,161
215,191,161
215,191,163
212,191,160
212,190,162
215,191,161
215,191,163
212,191,160
212,190,162
215,191,161
215,191,163
212,191,160
212,190,162
215,191,161
215,191,163
212,191,160
212,190,162
215,191,161
215,191,163
212,191,160
212,190,162
