221,166,115
217,162,111
217,162,111
216,161,110
221,166,115
217,162,111
217,162,111
216,161,110
221,166,115
217,162,111
217,162,111
216,161,110
221,166,115
217,162,111
217,162,111
216,161,110
221,166,115
217,162,111
217,162,111
216,161,110
221,166,115
217,162,111
217,162,111
216,161,110
221,166,115
217,162,111
217,162,111
216,161,110
221,166,115
217,162,111
217,162,111
216,161,110
221,166,115
217,162,111
217,162,111
216,161,110
221,166,115
217,162,111
217,162,111
216,161,110
221,166,115
218,163,112
217,162,111
217,162,111
221,166,115
218,163,112
217,162,111
217,162,111
221,166,115
218,163,112
217,162,111
217,162,111
221,166,115
218,163,112
218,163,112
217,162,111
221,166,115
218,163,112
218,163,112
217,162,111
