226,221,218
231,221,214
231,221,214
232,220,214
231,220,212
226,221,218
231,221,214
231,221,214
232,220,214
231,220,212
226,221,218
231,221,214
231,221,214
232,220,214
231,220,212
226,221,218
231,221,214
231,221,214
232,220,214
231,220,212
226,221,218
231,221,214
231,221,214
232,220,214
231,220,212
226,221,218
231,221,214
231,221,214
232,220,214
231,220,212
226,221,218
231,221,214
231,221,214
232,220,214
231,220,212
226,221,218
231,221,214
231,221,214
232,220,214
231,220,212
226,221,218
231,221,214
231,221,214
232,220,214
231,220,212
226,221,218
231,221,214
231,221,214
232,220,214
231,220,212
226,221,218
231,221,214
231,221,214
232,220,214
231,220,212
226,221,218
231,221,214
231,221,214
232,220,214
231,220,212
226,221,218
231,221,214
231,221,214
232,220,214
231,220,212
226,221,218
231,221,214
231,221,214
232,220,214
231,220,212
226,221,218
231,221,214
231,221,214
232,220,214
231,220,212
