194,183,169
196,185,171
196,185,171
196,185,171
197,185,173
194,183,169
196,185,171
196,185,171
196,185,171
197,185,173
194,183,169
196,185,171
196,185,171
196,185,171
197,185,173
194,183,169
196,185,171
196,185,171
196,185,171
197,185,173
194,183,169
196,185,171
196,185,171
196,185,171
197,185,173
194,183,169
196,185,171
196,185,171
196,185,171
197,185,173
194,183,169
196,185,171
196,185,171
196,185,171
197,185,173
194,183,169
196,185,171
196,185,171
196,185,171
197,185,173
194,183,169
196,185,171
196,185,171
196,185,171
197,185,173
194,183,169
196,185,171
196,185,171
196,185,171
197,185,173
194,183,169
196,185,171
196,185,171
196,185,171
197,185,173
194,183,169
196,185,171
196,185,171
196,185,171
197,185,173
194,183,169
196,185,171
196,185,171
196,185,171
197,185,173
194,183,169
196,185,171
196,185,171
196,185,171
197,185,173
194,183,169
196,185,171
196,185,171
196,185,171
197,185,173
