186,193,188
185,192,187
186,193,188
186,193,188
185,192,187
186,193,188
186,193,188
185,192,187
186,193,188
186,193,188
185,192,187
186,193,188
186,193,188
185,192,187
186,193,188
186,193,188
185,192,187
186,193,188
186,193,188
185,192,187
186,193,188
186,193,188
185,192,187
186,193,188
186,193,188
185,192,187
186,193,188
186,193,188
185,192,187
186,193,188
186,193,188
185,192,187
186,193,188
186,193,188
185,192,187
186,193,188
186,193,188
185,192,187
186,193,188
186,193,188
185,192,187
186,193,188
186,193,188
185,192,187
186,193,188
