207,210,201
207,211,199
209,213,201
206,210,198
207,210,201
207,211,199
209,213,201
206,210,198
207,210,201
207,211,199
209,213,201
206,210,198
207,210,201
207,211,199
209,213,201
206,210,198
207,210,201
207,211,199
209,213,201
206,210,198
207,210,201
207,211,199
209,213,201
206,210,198
207,210,201
207,211,199
209,213,201
206,210,198
207,210,201
207,211,199
209,213,201
206,210,198
207,210,201
207,211,199
209,213,201
206,210,198
207,210,201
207,211,199
209,213,201
206,210,198
207,210,201
207,211,199
209,213,201
206,210,198
207,210,201
207,211,199
209,213,201
206,210,198
207,210,201
207,211,199
209,213,201
206,210,198
207,210,201
207,211,199
209,213,201
206,210,198
207,210,201
207,211,199
209,213,201
206,210,198
