194,191,187
196,193,189
195,193,185
196,194,186
194,191,187
196,193,189
195,193,185
196,194,186
194,191,187
196,193,189
195,193,185
196,194,186
194,191,187
196,193,189
195,193,185
196,194,186
194,191,187
196,193,189
195,193,185
196,194,186
194,191,187
196,193,189
195,193,185
196,194,186
194,191,187
196,193,189
195,193,185
196,194,186
194,191,187
196,193,189
195,193,185
196,194,186
195,190,187
196,193,189
195,193,185
196,194,186
195,190,187
196,193,189
195,193,185
196,194,186
195,191,186
196,193,189
195,193,185
196,194,186
195,191,186
196,193,189
195,193,185
196,194,186
195,191,186
196,193,189
195,193,185
196,194,186
195,191,186
196,193,189
195,193,185
196,194,186
195,191,186
196,193,189
195,193,185
196,194,186
