233,220,212
233,221,211
234,219,210
234,222,212
235,220,211
233,220,212
233,221,211
234,219,210
234,222,212
235,220,211
233,220,212
233,221,211
234,219,210
234,222,212
235,220,211
233,220,212
233,221,211
234,219,210
234,222,212
235,220,211
233,220,212
233,221,211
234,219,210
234,222,212
235,220,211
233,220,212
233,221,211
234,219,210
234,222,212
235,220,211
233,220,212
233,221,211
234,219,210
234,222,212
235,220,211
233,220,212
233,221,211
234,219,210
234,222,212
235,220,211
233,220,212
233,221,211
234,219,210
234,222,212
235,220,211
233,220,212
233,221,211
234,219,210
234,222,212
235,220,211
233,220,212
233,221,211
234,219,210
234,222,212
235,220,211
233,220,212
233,221,211
234,219,210
234,222,212
235,220,211
233,220,212
233,221,211
234,219,210
234,222,212
235,220,211
233,220,212
233,221,211
234,219,210
234,222,212
235,220,211
233,220,212
233,221,211
234,219,210
234,222,212
235,220,211
