251,199,128
251,199,128
250,198,127
250,198,127
251,199,128
251,199,128
250,198,127
250,198,127
251,199,128
251,199,128
250,198,127
250,198,127
251,199,128
251,199,128
250,198,127
250,198,127
251,199,128
251,199,128
250,198,127
250,198,127
251,199,128
251,199,128
250,198,127
250,198,127
251,199,128
251,199,128
250,198,127
250,198,127
251,199,128
251,199,128
250,198,127
250,198,127
253,199,128
253,199,128
250,198,127
250,198,127
253,199,128
253,199,128
250,198,127
250,198,127
254,200,129
253,199,128
251,199,128
250,198,127
254,200,129
253,199,128
251,199,128
250,198,127
254,200,129
253,199,128
251,199,128
250,198,127
254,200,129
254,200,129
251,199,128
250,198,127
254,200,129
254,200,129
251,199,128
250,198,127
