125,158,191
125,158,191
124,157,190
127,155,189
123,154,187
125,158,191
125,158,191
124,157,190
127,155,189
123,154,187
125,158,191
125,158,191
124,157,190
127,155,189
123,154,187
125,158,191
125,158,191
124,157,190
127,155,189
123,154,187
125,158,191
125,158,191
124,157,190
127,155,189
123,154,187
125,158,191
125,158,191
124,157,190
127,155,189
123,154,187
125,158,191
125,158,191
124,157,190
127,155,189
123,154,187
125,158,191
125,158,191
124,157,190
127,155,189
123,154,187
125,158,191
125,158,191
126,156,191
127,155,189
123,154,187
125,158,191
125,158,191
126,156,191
127,155,189
123,154,187
125,158,191
124,157,190
125,155,190
127,155,189
123,154,187
125,158,191
124,157,190
125,155,190
127,155,189
123,154,187
125,158,191
124,157,190
125,155,190
127,155,189
123,154,187
125,158,191
124,157,190
125,155,190
127,155,189
123,154,187
124,157,190
124,157,190
125,155,190
127,155,189
123,154,187
