246,231,228
243,228,225
243,228,225
242,229,221
242,229,221
246,231,228
243,228,225
243,228,225
242,229,221
242,229,221
246,231,228
243,228,225
243,228,225
242,229,221
242,229,221
246,231,228
243,228,225
243,228,225
242,229,221
242,229,221
246,231,228
243,228,225
243,228,225
242,229,221
242,229,221
246,231,228
243,228,225
243,228,225
242,229,221
242,229,221
246,231,228
243,228,225
243,228,225
242,229,221
242,229,221
246,231,228
243,228,225
243,228,225
242,229,221
242,229,221
246,231,228
243,228,225
243,228,225
242,229,221
242,229,221
246,231,228
243,228,225
243,228,225
242,229,221
242,229,221
246,231,228
243,228,225
243,228,225
242,229,221
241,228,220
246,231,228
243,228,225
243,228,225
242,229,221
241,228,220
246,231,228
243,228,225
243,228,225
242,229,221
241,228,220
246,231,228
243,228,225
243,228,225
242,229,221
241,228,220
245,230,227
243,228,225
243,228,225
242,229,221
241,228,220
