223,220,216
226,221,218
231,225,220
230,226,221
231,229,221
223,220,216
226,221,218
231,225,220
230,226,221
231,229,221
223,220,216
226,221,218
231,225,220
230,226,221
231,229,221
223,220,216
226,221,218
231,225,220
230,226,221
231,229,221
223,220,216
226,221,218
231,225,220
230,226,221
231,229,221
223,220,216
226,221,218
231,225,220
230,226,221
231,229,221
223,220,216
226,221,218
231,225,220
230,226,221
231,229,221
223,220,216
226,221,218
231,225,220
230,226,221
231,229,221
223,220,216
226,221,218
231,225,220
230,226,221
231,229,221
223,220,216
226,221,218
231,225,220
230,226,221
231,229,221
223,220,216
226,221,218
231,225,220
230,226,221
231,229,221
223,220,216
226,221,218
231,225,220
230,226,221
231,229,221
223,220,216
226,221,218
231,225,220
230,226,221
231,229,221
223,220,216
226,221,218
231,225,220
230,226,221
231,229,221
223,220,216
226,221,218
231,225,220
230,226,221
231,229,221
