239,167,83
241,169,85
245,173,89
246,174,90
248,176,92
239,167,83
241,169,85
245,173,89
246,174,90
248,176,92
239,167,83
242,170,86
245,173,89
246,174,90
248,176,92
239,167,83
241,169,85
245,173,89
246,174,90
248,176,92
239,167,83
241,169,85
245,173,89
246,174,90
248,176,92
239,167,83
241,169,85
245,173,89
246,174,90
248,176,92
239,167,83
242,170,86
245,173,89
246,174,90
248,176,92
239,167,83
243,171,87
245,173,89
246,174,90
248,176,92
240,168,84
243,171,87
245,173,89
246,174,90
248,176,92
240,168,84
243,171,87
245,173,89
246,174,90
248,176,92
240,168,84
243,171,87
246,174,90
247,175,91
248,176,92
240,168,84
243,171,87
246,174,90
247,175,91
248,176,92
240,168,84
243,171,87
246,174,90
247,175,91
248,176,92
240,168,84
244,172,88
246,174,90
247,175,91
248,176,92
240,168,84
244,172,88
246,174,90
247,175,91
248,176,92
