231,201,176
232,203,176
232,203,176
234,205,178
231,201,176
232,203,176
232,203,176
234,205,178
231,201,176
232,203,176
232,203,176
234,204,179
231,201,176
232,203,176
232,203,176
234,203,180
231,201,176
232,203,176
232,203,176
234,203,180
231,201,176
232,203,176
232,203,176
234,203,180
231,201,176
232,203,176
232,203,176
234,203,180
231,201,176
232,203,176
232,203,176
234,203,180
232,202,177
232,203,176
232,203,176
234,204,179
232,202,177
232,203,176
232,203,176
234,205,178
232,202,177
232,203,176
232,203,176
234,205,178
232,202,177
232,203,176
232,203,176
234,205,178
232,202,177
232,203,176
232,203,176
235,204,179
232,202,177
232,203,176
232,203,176
235,204,179
232,202,177
232,203,176
232,203,176
236,204,181
