213,151,103
211,154,103
210,151,102
210,151,102
213,151,103
211,154,103
210,151,102
210,151,102
213,151,103
211,154,103
210,151,102
210,151,102
213,151,103
211,154,103
210,151,102
210,151,102
213,151,103
211,154,103
210,151,102
210,151,102
213,151,103
211,154,103
210,151,102
210,151,102
213,151,103
211,154,103
210,151,102
210,151,102
213,151,103
211,154,103
210,151,102
210,151,102
214,152,104
211,154,103
210,151,102
210,151,102
214,152,104
211,154,103
211,152,103
211,152,103
214,152,104
211,154,103
211,154,103
211,154,103
214,152,104
211,154,103
211,154,103
211,154,103
214,152,104
211,154,103
211,154,103
211,154,103
214,152,104
211,154,103
211,154,103
211,154,103
214,152,104
212,155,104
211,154,103
211,154,103
