227,215,213
229,218,214
232,223,219
232,223,219
232,222,215
227,215,213
229,218,214
232,223,219
232,223,219
232,222,215
227,215,213
229,218,214
232,223,219
232,223,219
232,222,215
227,215,213
229,218,214
232,223,219
232,223,219
232,222,215
227,215,213
229,218,214
232,223,219
232,223,219
232,222,215
227,215,213
229,218,214
232,223,219
232,223,219
232,222,215
227,215,213
229,218,214
232,223,219
232,223,219
232,222,215
227,215,213
229,218,214
232,223,219
232,223,219
232,222,215
227,215,213
229,218,214
232,223,219
232,223,219
232,222,215
227,215,213
229,218,214
232,223,219
232,223,219
232,222,215
227,215,213
230,219,215
232,223,219
232,223,219
232,222,215
227,215,213
230,219,215
232,223,219
232,223,219
232,222,215
227,215,213
230,219,215
232,223,219
232,223,219
232,222,215
227,215,213
230,219,215
232,223,219
232,223,219
232,222,215
227,215,213
230,219,215
232,223,219
232,223,219
232,222,215
