213,197,184
214,199,183
215,199,186
217,201,188
218,202,189
213,197,184
214,199,183
215,199,186
217,201,188
218,202,189
213,197,184
214,199,183
215,199,186
217,201,188
218,202,189
213,197,184
214,199,183
215,199,186
217,201,188
218,202,189
213,197,184
214,199,183
215,199,186
217,201,188
218,202,189
213,197,184
214,199,183
215,199,186
217,201,188
218,202,189
212,196,183
214,199,183
215,199,186
217,201,188
218,202,189
211,195,182
214,199,183
215,199,186
217,201,188
218,202,189
211,195,182
216,200,184
215,199,186
217,201,188
218,202,189
211,195,182
215,199,183
215,199,186
217,201,188
218,202,189
211,195,182
213,197,181
214,198,185
217,201,188
218,202,189
211,195,182
213,197,181
214,198,185
217,201,188
218,202,189
211,195,182
213,197,181
214,198,185
217,201,188
218,202,189
211,195,182
214,198,182
214,198,185
217,201,188
218,202,189
211,195,182
214,198,182
214,198,185
217,201,188
218,202,189
