187,189,189
187,189,189
189,191,191
188,190,190
189,191,191
187,189,189
187,189,189
189,191,191
188,190,190
189,191,191
187,189,189
187,189,189
189,191,191
188,190,190
188,190,190
187,189,189
187,189,189
189,191,191
188,190,190
188,190,190
187,189,189
187,189,189
189,191,191
188,190,190
188,190,190
187,189,189
187,189,189
189,191,191
188,190,190
188,190,190
187,189,189
187,189,189
189,191,191
188,190,190
188,190,190
187,189,189
187,189,189
189,191,191
188,190,190
188,190,190
187,189,189
187,189,189
189,191,191
188,190,190
188,190,190
187,189,189
187,189,189
189,191,191
188,190,190
188,190,190
187,189,189
187,189,189
188,190,190
188,190,190
188,190,190
187,189,189
187,189,189
188,190,190
188,190,190
188,190,190
187,189,189
187,189,189
188,190,190
188,190,190
188,190,190
187,189,189
187,189,189
188,190,190
188,190,190
188,190,190
187,189,189
187,189,189
188,190,190
188,190,190
188,190,190
