217,210,201
224,215,205
228,219,209
228,219,209
230,221,211
218,211,202
224,215,205
228,219,209
228,219,209
231,222,212
218,211,202
223,214,204
228,219,209
226,217,207
228,219,209
218,211,202
223,214,204
228,219,209
226,217,207
232,223,213
218,211,202
223,214,204
228,219,209
226,217,207
230,221,211
219,212,203
223,214,204
228,219,209
226,217,207
234,225,215
221,212,203
223,214,204
228,219,209
228,219,209
231,222,212
221,212,203
223,214,204
228,219,209
228,219,209
232,223,213
221,212,203
223,214,204
229,220,210
229,220,210
232,223,213
221,212,203
223,214,204
229,220,210
229,220,210
233,224,214
222,213,204
223,214,204
229,220,210
231,221,211
235,225,215
222,213,204
223,214,204
229,220,210
231,221,211
235,225,215
222,213,204
223,214,204
229,220,210
233,221,211
236,223,215
222,213,204
223,214,204
229,220,210
233,221,211
236,223,215
222,213,204
223,214,204
229,220,210
233,221,211
237,224,216
