213,164,116
213,164,116
212,163,115
212,163,115
213,164,116
213,164,116
212,163,115
212,163,115
213,164,116
213,164,116
212,163,115
212,163,115
213,164,116
213,164,116
212,163,115
212,163,115
213,164,116
213,164,116
212,163,115
212,163,115
213,164,116
213,164,116
212,163,115
212,163,115
213,164,116
213,164,116
212,163,115
212,163,115
213,164,116
213,164,116
212,163,115
212,163,115
213,163,117
213,163,117
212,163,115
212,163,115
213,163,117
213,163,117
212,163,115
212,163,115
214,164,118
214,164,118
213,164,116
212,163,115
214,164,118
214,164,118
213,164,116
212,163,115
214,164,118
214,164,118
213,164,116
212,163,115
214,164,118
214,164,118
213,164,116
212,163,115
214,164,118
214,164,118
213,164,116
212,163,115
